Fold-0 Predicted Metrics:
115	263
229	5128
ACC: 0.914211 
F1: 0.954224 
Recall: 0.957252 
Pre: 0.951215 
MCC: 0.273237 
AUC: 0.273365
 Total Predicted Metrics:
115	263
229	5128
ACC: 0.914211 
F1: 0.954224 
Recall: 0.957252 
Pre: 0.951215 
MCC: 0.273237 
AUC: 0.273365
 Fold-0 Predicted Metrics:
76	302
74	5283
ACC: 0.934438 
F1: 0.965637 
Recall: 0.986186 
Pre: 0.945927 
MCC: 0.291111 
AUC: 0.200255
 Total Predicted Metrics:
76	302
74	5283
ACC: 0.934438 
F1: 0.965637 
Recall: 0.986186 
Pre: 0.945927 
MCC: 0.291111 
AUC: 0.200255
 